   0.0000000e+00  -7.0000000e-02   1.1250000e-01
   0.0000000e+00  -7.0000000e-02   8.7500000e-02
   0.0000000e+00  -7.0000000e-02   6.2500000e-02
   0.0000000e+00  -7.0000000e-02   3.7500000e-02
   0.0000000e+00  -7.0000000e-02   1.2500000e-02
   0.0000000e+00  -7.0000000e-02  -1.2500000e-02
   0.0000000e+00  -7.0000000e-02  -3.7500000e-02
   0.0000000e+00  -7.0000000e-02  -6.2500000e-02
   0.0000000e+00  -7.0000000e-02  -8.7500000e-02
   0.0000000e+00  -7.0000000e-02  -1.1250000e-01
   0.0000000e+00  -5.0000000e-02   1.1250000e-01
   0.0000000e+00  -5.0000000e-02   8.7500000e-02
   0.0000000e+00  -5.0000000e-02   6.2500000e-02
   0.0000000e+00  -5.0000000e-02   3.7500000e-02
   0.0000000e+00  -5.0000000e-02   1.2500000e-02
   0.0000000e+00  -5.0000000e-02  -1.2500000e-02
   0.0000000e+00  -5.0000000e-02  -3.7500000e-02
   0.0000000e+00  -5.0000000e-02  -6.2500000e-02
   0.0000000e+00  -5.0000000e-02  -8.7500000e-02
   0.0000000e+00  -5.0000000e-02  -1.1250000e-01
   0.0000000e+00  -3.0000000e-02   1.1250000e-01
   0.0000000e+00  -3.0000000e-02   8.7500000e-02
   0.0000000e+00  -3.0000000e-02   6.2500000e-02
   0.0000000e+00  -3.0000000e-02   3.7500000e-02
   0.0000000e+00  -3.0000000e-02   1.2500000e-02
   0.0000000e+00  -3.0000000e-02  -1.2500000e-02
   0.0000000e+00  -3.0000000e-02  -3.7500000e-02
   0.0000000e+00  -3.0000000e-02  -6.2500000e-02
   0.0000000e+00  -3.0000000e-02  -8.7500000e-02
   0.0000000e+00  -3.0000000e-02  -1.1250000e-01
   0.0000000e+00  -1.0000000e-02   1.1250000e-01
   0.0000000e+00  -1.0000000e-02   8.7500000e-02
   0.0000000e+00  -1.0000000e-02   6.2500000e-02
   0.0000000e+00  -1.0000000e-02   3.7500000e-02
   0.0000000e+00  -1.0000000e-02   1.2500000e-02
   0.0000000e+00  -1.0000000e-02  -1.2500000e-02
   0.0000000e+00  -1.0000000e-02  -3.7500000e-02
   0.0000000e+00  -1.0000000e-02  -6.2500000e-02
   0.0000000e+00  -1.0000000e-02  -8.7500000e-02
   0.0000000e+00  -1.0000000e-02  -1.1250000e-01
   0.0000000e+00   1.0000000e-02   1.1250000e-01
   0.0000000e+00   1.0000000e-02   8.7500000e-02
   0.0000000e+00   1.0000000e-02   6.2500000e-02
   0.0000000e+00   1.0000000e-02   3.7500000e-02
   0.0000000e+00   1.0000000e-02   1.2500000e-02
   0.0000000e+00   1.0000000e-02  -1.2500000e-02
   0.0000000e+00   1.0000000e-02  -3.7500000e-02
   0.0000000e+00   1.0000000e-02  -6.2500000e-02
   0.0000000e+00   1.0000000e-02  -8.7500000e-02
   0.0000000e+00   1.0000000e-02  -1.1250000e-01
   0.0000000e+00   3.0000000e-02   1.1250000e-01
   0.0000000e+00   3.0000000e-02   8.7500000e-02
   0.0000000e+00   3.0000000e-02   6.2500000e-02
   0.0000000e+00   3.0000000e-02   3.7500000e-02
   0.0000000e+00   3.0000000e-02   1.2500000e-02
   0.0000000e+00   3.0000000e-02  -1.2500000e-02
   0.0000000e+00   3.0000000e-02  -3.7500000e-02
   0.0000000e+00   3.0000000e-02  -6.2500000e-02
   0.0000000e+00   3.0000000e-02  -8.7500000e-02
   0.0000000e+00   3.0000000e-02  -1.1250000e-01
   0.0000000e+00   5.0000000e-02   1.1250000e-01
   0.0000000e+00   5.0000000e-02   8.7500000e-02
   0.0000000e+00   5.0000000e-02   6.2500000e-02
   0.0000000e+00   5.0000000e-02   3.7500000e-02
   0.0000000e+00   5.0000000e-02   1.2500000e-02
   0.0000000e+00   5.0000000e-02  -1.2500000e-02
   0.0000000e+00   5.0000000e-02  -3.7500000e-02
   0.0000000e+00   5.0000000e-02  -6.2500000e-02
   0.0000000e+00   5.0000000e-02  -8.7500000e-02
   0.0000000e+00   5.0000000e-02  -1.1250000e-01
   0.0000000e+00   7.0000000e-02   1.1250000e-01
   0.0000000e+00   7.0000000e-02   8.7500000e-02
   0.0000000e+00   7.0000000e-02   6.2500000e-02
   0.0000000e+00   7.0000000e-02   3.7500000e-02
   0.0000000e+00   7.0000000e-02   1.2500000e-02
   0.0000000e+00   7.0000000e-02  -1.2500000e-02
   0.0000000e+00   7.0000000e-02  -3.7500000e-02
   0.0000000e+00   7.0000000e-02  -6.2500000e-02
   0.0000000e+00   7.0000000e-02  -8.7500000e-02
   0.0000000e+00   7.0000000e-02  -1.1250000e-01
